n t
0 25,274
1 0,748
2 0,329
3 0,38
4 0,48
5 0,6
6 0,619
7 0,76
8 0,805
9 0,877
10 0,942
11 1,063
12 2,554
13 1,253
14 1,283
15 1,273
16 1,533
17 1,529
18 1,539
19 1,679
20 1,735
21 2,218
22 2,177
23 2,033
24 1,937
25 2,048
26 2,068
27 2,336
28 2,425
29 3,039
30 2,378
31 2,457
32 2,643
33 2,626
34 2,885
35 3,731
36 2,916
37 3,048
38 3,222
39 3,274
40 4,121
41 3,425
42 3,409
43 3,617
44 4,818
45 3,634
46 3,722
47 3,629
48 4,118
49 4,3
50 3,855
51 4,094
52 4,324
53 4,636
54 4,178
55 4,442
56 5,205
57 4,427
58 4,745
59 5,095
60 5,272
61 4,714
62 5,033
63 6,508
64 4,949
65 5,475
66 6,437
67 5,318
68 5,426
69 6,106
70 5,361
71 5,854
72 6,021
73 5,671
74 6,611
75 5,739
76 6,075
77 6,45
78 5,93
79 6,185
80 6,78
81 6,109
82 7,113
83 6,543
84 6,749
85 7,784
86 6,932
87 7,327
88 6,852
89 7,889
90 7,024
91 8,982
92 7,205
93 7,982
94 7,598
95 8,028
96 7,613
97 7,474
98 8,919
99 7,678
100 8,482
101 8,206
102 8,57
103 8,15
104 8,76
105 16,279
106 11,636
107 14,195
108 12,97
109 17,361
110 10,187
111 11,382
112 19,948
113 9,194
114 14,108
115 17,654
116 8,867
117 14,666
118 11,895
119 18,934
120 20,567
121 13,202
122 13,802
123 10,83
124 17,378
125 10,818
126 10,532
127 10,156
128 11,337
129 10,193
130 11,291
131 10,888
132 10,412
133 10,925
134 11,493
135 10,405
136 12,142
137 11,767
138 18,047
139 13,207
140 10,754
141 11,849
142 11,813
143 11,016
144 11,399
145 12,278
146 12,555
147 11,153
148 11,512
149 12,11
150 11,887
151 11,811
152 12,891
153 12,873
154 12,026
155 12,53
156 13,793
157 12,465
158 12,37
159 12,876
160 12,582
161 12,985
162 13,014
163 12,387
164 13,504
165 13,595
166 13,482
167 13,414
168 12,768
169 14,244
170 14,055
171 13,919
172 13,685
173 13,815
174 13,342
175 13,906
176 14,38
177 14,14
178 13,978
179 14,533
180 13,608
181 14,55
182 14,482
183 14,576
184 14,605
185 14,813
186 14,76
187 15,728
188 15,224
189 15,237
190 15,211
191 16,19
192 15,53
193 16,239
194 15,796
195 16,561
196 16,109
197 16,038
198 15,953
199 16,41
200 16,65
201 16,772
202 17,338
203 16,949
204 17,025
205 16,666
206 16,21
207 18,131
208 18,029
209 17,299
210 17,416
211 16,322
212 17,093
213 16,303
214 18,209
215 17,078
216 17,16
217 16,839
218 16,989
219 17,067
220 17,004
221 17,812
222 17,868
223 18,064
224 17,581
225 18,471
226 18,24
227 18,279
228 18,669
229 19,776
230 18,07
231 18,853
232 18,587
233 18,486
234 18,767
235 18,95
236 19,266
237 18,5
238 18,907
239 18,592
240 18,521
241 18,829
242 19,138
243 20,98
244 19,217
245 19,597
246 22,466
247 22,495
248 19,792
249 19,49
250 19,958
251 20,249
252 21,385
253 20,294
254 20,962
255 20,603
256 21,216
257 19,939
258 20,052
259 20,778
260 22,933
261 20,544
262 20,15
263 21,687
264 21,255
265 21,396
266 20,898
267 21,725
268 20,761
269 21,366
270 21,358
271 21,963
272 21,744
273 22,895
274 22,448
275 22,71
276 22,788
277 22,079
278 22,644
279 23,632
280 22,85
281 21,684
282 22,891
283 22,398
284 22,464
285 23,639
286 22,64
287 23,357
288 22,919
289 23,225
290 23,88
291 23,18
292 24
293 22,731
294 22,669
295 23,914
296 23,431
297 24,184
298 23,581
299 24,534
300 23,74
301 23,682
302 24,848
303 24,445
304 25,868
305 23,596
306 24,408
307 23,915
308 25,945
309 24,398
310 25,919
311 23,921
312 20,314
313 25,03
314 25,292
315 24,117
316 25,506
317 24,535
318 25,516
319 24,268
320 26,035
321 24,851
322 25,687
323 25,442
324 26,665
325 24,911
326 27,082
327 25,996
328 27,387
329 28,205
330 25,549
331 26,768
332 26,281
333 25,457
334 26,895
335 26,616
336 27,279
337 26,409
338 27,41
339 27,66
340 26,559
341 36,031
342 33,35
343 28,83
344 29,43
345 27,395
346 27,14
347 27,08
348 26,825
349 26,7
350 27,736
351 27,63
352 28,103
353 30,7
354 28,336
355 27,717
356 28,254
357 28,623
358 28,228
359 27,885
360 29,066
361 29,087
362 27,909
363 29,358